#Solução do Mundo Wumpus (TSP)
#mapa tempo_inicial tempo_final tempo_total(for 20 trials)
  1  0.7452047     0.7463732   0.0011684999999999057
  2  0.7467969     0.7481005   0.0013035999999999603
  3  0.7485976     0.7496896   0.0010919999999999819
  4  0.7500915     0.751055   0.000963500000000006
  5  0.7515064     0.7524744   0.0009679999999999689
  6  0.752872     0.7537542   0.0008822000000000552
  7  0.7541513     0.7549914   0.0008401000000000103
  8  0.755397     0.7563116   0.0009145999999999876
  9  0.7567215     0.7575489   0.0008273999999999226
  10  0.757942     0.7587589   0.0008169000000000093
