#Solução do Mundo Wumpus (TSP)
#mapa tempo_inicial tempo_final tempo_total(for 20 trials)
  1  0.6524597     0.6542989   0.0018392000000000408
  2  0.6543254     0.656067   0.0017416000000000098
  3  0.6560811     0.6578663   0.0017852000000000423
  4  0.6578805     0.6597547   0.001874200000000048
  5  0.6597675     0.661821   0.0020535000000000414
  6  0.6618337     0.6637731   0.0019394000000000355
  7  0.6637861     0.6660457   0.0022595999999999172
  8  0.6660594     0.6678914   0.0018320000000000558
  9  0.6679042     0.6699195   0.002015300000000053
  10  0.6699408     0.6717798   0.001839000000000035
